		24 4 11
						0 0 0 0 1		0 0 1 1 1		0 1 0 0 0		0 1 0 1 1		1 0 1 0 1		0 0 1
Alessandra	0 1 0 0 1		0 1 0 0 1		1 1 0 0 1		0 1 1 0 1		1 1 1 1 1		0 0 1		4 21 0
Eiolf				0 1 0 1 1		0 0 1 0 0 	1 1 0 0 0		0 1 1 0 0		0 0 1 1 1		1 1 1		24 27 0
Emil				1 0 0 1 1		0 0 1 1 1		0 1 0 1 0		1 1 1 0 1		1 1 1 1 1		1 1 0		17 0 1
Howerd			1 1 0 0 1		0 0 1 0 1		1 1 0 0 0		1 1 1 0 1		0 1 1 0 1		0 1 1		17 27 0
Jens				0 0 0 0 1		0 0 1 1 0		1 1 0 0 0		1 1 0 0 0		1 0 1 1 1		0 0 1		22 0 1
Kaya				1 0 0 0 1		1 0 1 1 0		1 1 0 0 0		1 1 1 0 1		1 0 1 0 1		1 1 1		5 27 1
Runar				0 1 1 0 1		0 0 1 1 1		0 0 0 1 0		1 1 1 0 1		0 0 1 0 1		0 0 0		17 1 0
Sigurd			0 1 0 0 1		0 0 1 0 0		1 1 0 0 0		0 1 1 1 0		0 0 1 1 1		0 0 1		23 1 0
Steinar			0 0 0 1 1		0 0 1 1 0		1 1 0 0 1		0 1 1 0 1		0 0 0 0 0		0 0 1		3 4 0
Eigil				1 1 1 1 1		1 1 1 1 1		1 1 1 1 1		1 1 1 1 1		1 1 1 1 1		1 1 1		8 2 27
Malin				1 1 1 1 1		0 1 1 1 1		1 1 1 1 0		1 1 1 1 1		1 1 1 1 1		1 1 1		17 1 5
