Alessandra
      36816
      664
      44826
      104395
      1374
      2011
      58116
      920
      13271
      50355
      3817
      13853
      184438
      0
      0
      71195
      5837
      2848
      127931
      14530
      6062
      184438
      0
      0
      184438
      0
      0
      184438
      0
      0
      96102
      8879
      8695
      184438
      0
      0
      62932
      5108
      12922
      57731
      4815
      13434
      137663
      15678
      4723
      45029
      2787
      14653
      184438
      0
      0
      98901
      10070
      8311
      184438
      0
      0
      184438
      0
      0
      184438
      0
      0
      159402
      92826
      2074
      184438
      0
      0
      101661
      10094
      8407
      184438
      0
      0
      49612
      4040
      14020
      44259
      2999
      14328
      184438
      0
      0
   184438
   179776
Eiolf
      21693
      641
      62894
      155286
      936
      104
      62631
      2843
      15911
      160543
      28410
      5166
      219781
      0
      0
      84986
      14144
      655
      66256
      11259
      15515
      219781
      0
      0
      219781
      0
      0
      219781
      0
      0
      131472
      22317
      7881
      219781
      0
      0
      76104
      13089
      14660
      57888
      9488
      16677
      83772
      13960
      12808
      39079
      6064
      18928
      219781
      0
      0
      118750
      19961
      9373
      219781
      0
      0
      219781
      0
      0
      219781
      0
      0
      44786
      907
      17944
      219781
      0
      0
      147742
      25658
      6387
      219781
      0
      0
      144764
      25253
      7399
      143114
      24851
      7479
      219781
      0
      0
   219781
   177862
Emil
      195811
      90104
      1141
      36525
      0
      60789
      67829
      1520
      22711
      173300
      19569
      9742
      261135
      0
      0
      86891
      7395
      2589
      72163
      6809
      22140
      261135
      0
      0
      261135
      0
      0
      261135
      0
      0
      35611
      2167
      25653
      261135
      0
      0
      74964
      7059
      21799
      183239
      21544
      8384
      107249
      11263
      16998
      145521
      15903
      11781
      261135
      0
      0
      139433
      14204
      13064
      261135
      0
      0
      261135
      0
      0
      261135
      0
      0
      179565
      14889
      8827
      261135
      0
      0
      160009
      18455
      11030
      261135
      0
      0
      146901
      15206
      12154
      145248
      15048
      12333
      261135
      0
      0
   261135
   209818
Howerd
      19240
      688
      6845
      24877
      496
      0
      6231
      583
      2580
      4911
      1005
      2652
      32321
      0
      0
      10236
      2047
      324
      3932
      830
      2740
      32321
      0
      0
      32321
      0
      0
      32321
      0
      0
      19182
      3796
      1202
      32321
      0
      0
      7793
      1592
      2494
      6130
      1255
      2595
      10185
      2132
      1956
      23880
      4840
      883
      32321
      0
      0
      19248
      4010
      1118
      32321
      0
      0
      32321
      0
      0
      32321
      0
      0
      27246
      2737
      489
      32321
      0
      0
      1810
      377
      2879
      32321
      0
      0
      2637
      545
      2880
      25477
      5388
      684
      32321
      0
      0
   32321
   81720
Jens
      63238
      39490
      329
      26010
      0
      37523
      61030
      5339
      9977
      47099
      7824
      11141
      167801
      0
      0
      63495
      9955
      3243
      57462
      8561
      10465
      167801
      0
      0
      167801
      0
      0
      167801
      0
      0
      101778
      15378
      5780
      167801
      0
      0
      66224
      10416
      9470
      50703
      8471
      10748
      69139
      10615
      9028
      106291
      17992
      4854
      167801
      0
      0
      21090
      2833
      13490
      167801
      0
      0
      167801
      0
      0
      167801
      0
      0
      37773
      2293
      12155
      167801
      0
      0
      111131
      18389
      4934
      167801
      0
      0
      32409
      5350
      12228
      30615
      4895
      12436
      167801
      0
      0
   167801
   124672
Kaya
      185195
      6892
      924
      44487
      364
      49609
      90936
      2920
      20683
      53992
      8703
      24450
      278684
      0
      0
      238011
      41549
      247
      104043
      17612
      19092
      278684
      0
      0
      278684
      0
      0
      278684
      0
      0
      178216
      29311
      10327
      278684
      0
      0
      106225
      17879
      18842
      71064
      11678
      22236
      107794
      18188
      18552
      169933
      28166
      10398
      278684
      0
      0
      156718
      25775
      12549
      278684
      0
      0
      278684
      0
      0
      278684
      0
      0
      63273
      6296
      23152
      278684
      0
      0
      42960
      6780
      25392
      278684
      0
      0
      171709
      28874
      10804
      166430
      27697
      11427
      278684
      0
      0
   278684
   200854
Runar
      9202
      170
      17132
      56770
      21778
      0
      54890
      2756
      1499
      14103
      1927
      5354
      71957
      0
      0
      30344
      4248
      147
      20239
      3383
      4855
      71957
      0
      0
      71957
      0
      0
      71957
      0
      0
      8304
      1126
      5883
      71957
      0
      0
      22385
      3868
      4690
      55382
      9627
      1459
      30247
      4408
      3635
      47998
      7536
      2232
      71957
      0
      0
      39341
      6228
      2796
      71957
      0
      0
      71957
      0
      0
      71957
      0
      0
      14762
      340
      5388
      71957
      0
      0
      9685
      1402
      5755
      71957
      0
      0
      12795
      1638
      5554
      12147
      1522
      5578
      71957
      0
      0
   71957
   56075
Sigurd
      3340
      0
      4073
      18852
      16304
      0
      3784
      183
      1324
      2932
      0
      1373
      19241
      0
      0
      9542
      392
      209
      3852
      0
      1325
      19241
      0
      0
      19241
      0
      0
      19241
      0
      0
      11257
      471
      668
      19241
      0
      0
      5592
      338
      1210
      3832
      243
      1319
      7575
      0
      919
      2885
      48
      1409
      19241
      0
      0
      10413
      696
      694
      19241
      0
      0
      19241
      0
      0
      19241
      0
      0
      3836
      0
      1325
      19241
      0
      0
      11770
      566
      623
      19241
      0
      0
      2812
      0
      1385
      2792
      0
      1385
      19241
      0
      0
   19241
   51109
Steinar
      1415
      0
      1484
      0
      0
      0
      2899
      118
      594
      8381
      1836
      29
      8803
      0
      0
      3073
      612
      129
      2928
      574
      588
      8803
      0
      0
      8803
      0
      0
      8803
      0
      0
      5623
      1134
      305
      8803
      0
      0
      3919
      793
      494
      2826
      539
      604
      8803
      1952
      0
      1197
      211
      806
      8803
      0
      0
      5129
      1034
      345
      8803
      0
      0
      8803
      0
      0
      8803
      0
      0
      1834
      0
      716
      8803
      0
      0
      0
      0
      903
      8803
      0
      0
      0
      0
      903
      0
      0
      903
      8803
      0
      0
   8803
   28814
Eigil
      389558
      19265
      26446
      380493
      0
      20431
      492540
      191411
      40651
      398367
      37400
      53739
      718606
      0
      0
      630888
      66919
      0
      398371
      36318
      54223
      718606
      0
      0
      718606
      0
      0
      718606
      0
      0
      356533
      31257
      59453
      718606
      0
      0
      419898
      39224
      51177
      404743
      38151
      53064
      625372
      66919
      13880
      372052
      33782
      57324
      718606
      0
      0
      349810
      31170
      60152
      718606
      0
      0
      718606
      0
      0
      718606
      0
      0
      378944
      24632
      56813
      718606
      0
      0
      368324
      33374
      57859
      718606
      0
      0
      377041
      34600
      56525
      374375
      34184
      56869
      718606
      0
      0
   718606
   875762
Malin
      395020
      19390
      8598
      461195
      174392
      2394
      403951
      7858
      31305
      391768
      44443
      32809
      690115
      0
      0
      78418
      0
      211455
      421427
      49448
      29149
      690115
      0
      0
      690115
      0
      0
      690115
      0
      0
      368153
      40972
      35598
      690115
      0
      0
      428214
      50269
      28408
      401324
      46612
      31694
      180234
      14182
      68383
      373932
      41313
      35116
      690115
      0
      0
      354193
      39810
      37288
      690115
      0
      0
      690115
      0
      0
      690115
      0
      0
      386513
      35084
      33539
      690115
      0
      0
      363357
      40982
      36313
      690115
      0
      0
      387137
      43786
      33311
      376516
      41574
      34755
      690115
      0
      0
   690115
   885504
